REACT_APP_MY_ACCOUNT_ID = 0.0.34134146
REACT_APP_MY_PRIVATE_KEY = 302e020100300506032b6570042204209339cc377c82b29bd2a7d674230603f51b8af809f74796a77dbe883f816ad2cf
REACT_APP_HEDERA_CHAT_CONTRACT_ID = 0.0.34826820
REACT_APP_HEDERA_DATA_TOPIC_ID = 0.0.34717180
REACT_APP_HEDERA_MESSAGE_TOPIC_ID = 0.0.34717181